Num: 256

Dir: 0.971389 0.133379 0.196504
Col: 77.1507 110.335 147.061

Dir: 0.821809 0.133511 0.553899
Col: 78.5706 112.33 149.887

Dir: 0.547247 0.133138 0.826314
Col: 80.3724 115.79 156.262

Dir: 0.190436 0.132551 0.97271
Col: 81.4085 117.92 161.519

Dir: -0.19524 0.131526 0.971896
Col: 79.3242 115.676 160.947

Dir: -0.551482 0.130886 0.823855
Col: 73.2559 110.184 155.093

Dir: -0.824696 0.130627 0.550284
Col: 67.0351 102.595 145.017

Dir: -0.972644 0.13066 0.192073
Col: 62.46 96.11 135.507

Dir: -0.971738 0.130847 -0.196479
Col: 61.1024 93.6684 131.302

Dir: -0.821598 0.131139 -0.554779
Col: 63.5602 96.57 134.795

Dir: -0.54623 0.131291 -0.827282
Col: 68.2878 102.917 143.821

Dir: -0.188585 0.131415 -0.973225
Col: 73.6926 110.182 154.135

Dir: 0.197142 0.131616 -0.9715
Col: 77.1012 114.701 160.191

Dir: 0.55298 0.132008 -0.822671
Col: 78.2933 115.54 160.06

Dir: 0.825766 0.132076 -0.54833
Col: 79.3993 115.115 156.487

Dir: 0.972507 0.132715 -0.191356
Col: 77.7213 111.819 150.172

Dir: 0.932783 0.30714 0.188631
Col: 291.757 389.13 501.18

Dir: 0.790195 0.306602 0.530648
Col: 287.274 386.372 501.845

Dir: 0.527803 0.305262 0.792615
Col: 271.391 373.635 497.178

Dir: 0.167527 0.307767 0.936597
Col: 322.26 394.707 493.06

Dir: -0.172767 0.314461 0.933416
Col: 530.531 497.985 471.124

Dir: -0.52629 0.305611 0.793486
Col: 251.33 332.348 410.542

Dir: -0.792816 0.303724 0.528388
Col: 194.173 294.214 424.43

Dir: -0.934649 0.304247 0.184026
Col: 184.549 280.643 407.024

Dir: -0.933636 0.304418 -0.188823
Col: 181.655 275.891 400.309

Dir: -0.789719 0.304087 -0.5328
Col: 187.256 282.78 408.478

Dir: -0.525331 0.303625 -0.794883
Col: 199.052 297.944 427.537

Dir: -0.181175 0.303356 -0.935495
Col: 214.095 316.524 450.27

Dir: 0.190687 0.303767 -0.933469
Col: 232.477 336.749 471.158

Dir: 0.532842 0.30463 -0.789481
Col: 252.445 356.091 486.191

Dir: 0.794383 0.305898 -0.524768
Col: 272.979 373.926 496.317

Dir: 0.934134 0.306742 -0.18249
Col: 288.346 386.552 501.226

Dir: 0.857963 0.483632 0.173204
Col: 695.837 835.767 1043.23

Dir: 0.72778 0.483249 0.486629
Col: 648.713 799.84 1004.69

Dir: 0.489088 0.481804 0.727089
Col: 550.908 711.572 907.595

Dir: 0.149988 0.47234 0.868561
Col: 643.449 595.682 588.509

Dir: -0.156205 0.472327 0.867472
Col: 926.008 810.265 696.964

Dir: -0.463179 0.472352 0.749899
Col: 366.995 425.939 442.326

Dir: -0.755976 0.456339 0.469312
Col: 223.436 323.283 456.114

Dir: -0.860025 0.481666 0.168389
Col: 340.591 508.388 749.771

Dir: -0.858873 0.481907 -0.173501
Col: 339.775 505.857 747.459

Dir: -0.727078 0.481592 -0.489312
Col: 342.313 507.448 746.955

Dir: -0.484417 0.480861 -0.73083
Col: 348.28 512.836 750.262

Dir: -0.166957 0.480438 -0.860991
Col: 368.165 532.98 768.101

Dir: 0.176566 0.480541 -0.859014
Col: 409.347 574.722 805.351

Dir: 0.492305 0.481474 -0.725133
Col: 481.223 646.652 862.341

Dir: 0.732018 0.482919 -0.48056
Col: 586.653 745.652 948.938

Dir: 0.859391 0.483444 -0.166519
Col: 669.79 814.417 1020.3

Dir: 0.748608 0.645643 0.15077
Col: 1436.67 1640.49 1971.04

Dir: 0.637015 0.644641 0.42267
Col: 1269.69 1461.3 1809.01

Dir: 0.456398 0.634482 0.623805
Col: 689.016 697.071 787.813

Dir: 0.137454 0.647645 0.749441
Col: 1023.63 770.165 602.033

Dir: -0.150235 0.639199 0.754224
Col: 670.274 738.822 748.541

Dir: -0.415902 0.640599 0.645491
Col: 527.311 604.726 649.042

Dir: -0.628308 0.651694 0.424881
Col: 204.668 236.9 268.439

Dir: -0.767544 0.631895 0.107631
Col: 383.165 536.054 748.425

Dir: -0.750599 0.643162 -0.151474
Col: 585.998 850.995 1232.57

Dir: -0.636258 0.642788 -0.426613
Col: 576.893 834.219 1207.51

Dir: -0.424354 0.642241 -0.638318
Col: 555.967 802.252 1163.79

Dir: -0.14643 0.64176 -0.752796
Col: 570.478 805.531 1150.7

Dir: 0.155254 0.641816 -0.750978
Col: 640.173 870.813 1198.64

Dir: 0.431961 0.642342 -0.633093
Col: 817.101 1034.95 1355.72

Dir: 0.641097 0.643287 -0.418541
Col: 1095.52 1272.42 1621.24

Dir: 0.750518 0.645099 -0.143419
Col: 1341.88 1535.34 1874.27

Dir: 0.611421 0.781741 0.122662
Col: 2999.69 3238.74 3578.5

Dir: 0.529424 0.778738 0.336566
Col: 2264.95 2465.69 2798.21

Dir: 0.340474 0.783823 0.519326
Col: 1080.19 904.115 809.45

Dir: 0.130664 0.775613 0.617537
Col: 982.972 872.431 812.146

Dir: -0.123328 0.776412 0.618041
Col: 808.052 874.79 899.527

Dir: -0.344253 0.776814 0.527304
Col: 668.314 753.967 821.384

Dir: -0.518923 0.780518 0.348583
Col: 389.785 472.34 566.267

Dir: -0.614988 0.779099 0.121628
Col: 489.249 519.048 594.165

Dir: -0.615023 0.778271 -0.126655
Col: 979.075 1329.06 1896.69

Dir: -0.5209 0.779155 -0.348685
Col: 951.945 1311.83 1865.1

Dir: -0.347852 0.779056 -0.521604
Col: 880.325 1225.87 1719.47

Dir: -0.120198 0.778788 -0.615664
Col: 867.073 1186.87 1634.43

Dir: 0.127185 0.778587 -0.614513
Col: 987.323 1275.81 1717.21

Dir: 0.354293 0.778699 -0.517788
Col: 1305.91 1531.49 2010.39

Dir: 0.525373 0.780365 -0.339138
Col: 1934.26 2171.25 2603.96

Dir: 0.613362 0.781272 -0.115765
Col: 2710.34 2940.61 3301.64

Dir: 0.450276 0.888408 0.0893452
Col: 6362.21 6428.15 6464.01

Dir: 0.387661 0.88722 0.250121
Col: 4558.71 4708.44 4898.06

Dir: 0.271438 0.882052 0.385104
Col: 1304.52 1297.64 1297.9

Dir: 0.0965467 0.883681 0.458025
Col: 806.702 805.114 814.038

Dir: -0.0917154 0.884089 0.45823
Col: 912.44 979.393 1019.23

Dir: -0.256873 0.88399 0.390612
Col: 776.869 866.305 948.36

Dir: -0.383969 0.885963 0.26007
Col: 387.382 477.835 573.565

Dir: -0.454846 0.886703 0.0829017
Col: 876.609 852.745 909.292

Dir: -0.449649 0.887544 -0.100403
Col: 1499.11 1829.17 2471.12

Dir: -0.384527 0.886645 -0.256904
Col: 1517.32 1962.51 2765.43

Dir: -0.259386 0.885781 -0.384853
Col: 1346.98 1725.59 2420.91

Dir: -0.084553 0.884401 -0.459006
Col: 1178.58 1485.52 2026.8

Dir: 0.0942577 0.886062 -0.453883
Col: 1482.8 1779.5 2381.54

Dir: 0.258176 0.886193 -0.384718
Col: 1864.66 2115.39 2604.56

Dir: 0.389907 0.886954 -0.24756
Col: 3374.02 3569.82 3914.21

Dir: 0.451548 0.88833 -0.0835089
Col: 5440.42 5571.47 5696.91

Dir: 0.330129 0.941439 0.0686132
Col: 2674.34 2609.09 2541.33

Dir: 0.278063 0.943155 0.182041
Col: 2521 2435.59 2399.98

Dir: 0.164857 0.954553 0.248296
Col: 1128.28 1141.97 1149.66

Dir: 0.0664825 0.956201 0.285061
Col: 942.906 927.03 921.658

Dir: -0.0563927 0.958036 0.281046
Col: 970.286 1034.79 1107.51

Dir: -0.150829 0.956549 0.249531
Col: 663.351 718.753 782.502

Dir: -0.274869 0.945842 0.172715
Col: 334.902 380.197 441.181

Dir: -0.290401 0.955723 0.0475464
Col: 793.355 845.24 941.328

Dir: -0.268256 0.961807 -0.0544622
Col: 3921.15 3055.15 2760.31

Dir: -0.235541 0.959383 -0.15526
Col: 2334.44 2843.24 3540.09

Dir: -0.15906 0.958736 -0.235639
Col: 1974.51 2416.11 3062.87

Dir: -0.0531769 0.955456 -0.290304
Col: 1343.78 1568.19 1968.12

Dir: 0.061995 0.952094 -0.299454
Col: 1570.15 1787.71 2200.7

Dir: 0.168891 0.953408 -0.249979
Col: 2111.91 2196.12 2454.91

Dir: 0.239738 0.959626 -0.147119
Col: 5623.35 5464.98 5346.06

Dir: 0.30605 0.949416 -0.0702986
Col: 5185.46 5009.74 4740.29

Dir: 0.121675 0.99226 0.0248039
Col: 437.716 449.308 462.622

Dir: 0.110059 0.991315 0.0719821
Col: 414.156 340.867 322.712

Dir: 0.0655123 0.993449 0.0936316
Col: 322.986 339.636 352.388

Dir: 0.0165703 0.995367 0.0947124
Col: 408.696 403.264 385.875

Dir: -0.0213076 0.993708 0.109954
Col: 598.746 607.512 614.045

Dir: -0.0566431 0.993971 0.0938783
Col: 413.418 430.18 448.534

Dir: -0.0589295 0.997543 0.0378905
Col: 243.745 207.487 190.047

Dir: -0.0925007 0.995619 0.0136728
Col: 398.334 329.9 314.276

Dir: -0.11286 0.993302 -0.0247654
Col: 3493.97 2491.88 1865.4

Dir: -0.0974834 0.993185 -0.0638815
Col: 2706.37 2482.15 2328.79

Dir: -0.0661364 0.993742 -0.0900186
Col: 1763.41 1669.7 1606.69

Dir: -0.0218414 0.993347 -0.11307
Col: 532.823 511.251 512.319

Dir: 0.0249635 0.9919 -0.124541
Col: 697.345 694.502 721.572

Dir: 0.0691226 0.99372 -0.0879973
Col: 1545.47 1308.25 1124.51

Dir: 0.119714 0.990072 -0.0736655
Col: 3856.11 3305.59 2700.26

Dir: 0.128832 0.990867 -0.0398095
Col: 2078.7 1827.78 1507.48

Dir: -0.115718 0.992952 -0.0256086
Col: 153.784 146.691 134.434

Dir: -0.0994593 0.992826 -0.066367
Col: 158.399 158.534 151.241

Dir: -0.0464636 0.996535 -0.0689885
Col: 208.152 217.118 217.295

Dir: -0.0200968 0.994749 -0.100354
Col: 358.6 357.971 350.739

Dir: 0.021445 0.994532 -0.10221
Col: 810.38 828.28 837.157

Dir: 0.0470886 0.995486 -0.0824062
Col: 432.758 451.893 463.016

Dir: 0.0744057 0.996138 -0.0466228
Col: 312.633 265.523 244.94

Dir: 0.0817074 0.996539 -0.0152867
Col: 378.372 244.7 220.222

Dir: 0.0940527 0.995349 0.020861
Col: 439.737 386.006 348.12

Dir: 0.0681595 0.996667 0.0448283
Col: 343.882 368.686 223.964

Dir: 0.0486395 0.99609 0.0737456
Col: 270.215 316.945 157.954

Dir: 0.020269 0.994386 0.103857
Col: 309.498 330.1 152.253

Dir: -0.0224405 0.99335 0.112924
Col: 266.874 294.664 150.03

Dir: -0.0634259 0.993496 0.0945694
Col: 250.445 269.463 143.317

Dir: -0.0753504 0.995919 0.0496779
Col: 249.075 258.877 187.395

Dir: -0.0894007 0.995787 0.0204136
Col: 200.027 204.838 145.877

Dir: -0.28612 0.956344 -0.0595022
Col: 254.927 254.64 252.237

Dir: -0.241797 0.957048 -0.159977
Col: 239.611 236.038 242.587

Dir: -0.168548 0.955126 -0.243571
Col: 154.754 149.347 151.272

Dir: -0.0440099 0.960731 -0.27397
Col: 284.767 262.563 242.095

Dir: 0.053775 0.963117 -0.263655
Col: 474.864 465.451 448.622

Dir: 0.137676 0.961878 -0.236298
Col: 229.698 227.397 222.858

Dir: 0.241737 0.957112 -0.159685
Col: 91.6897 88.7529 94.0366

Dir: 0.286675 0.956832 -0.0478547
Col: 134.139 123.966 130.686

Dir: 0.279032 0.958454 0.0592151
Col: 301.015 270.161 272.183

Dir: 0.240893 0.95771 0.157357
Col: 236.351 253.31 263.668

Dir: 0.167478 0.955386 0.243287
Col: 122.62 172.576 92.9327

Dir: 0.0558442 0.957809 0.281928
Col: 94.73 155.496 69.4967

Dir: -0.0565895 0.958625 0.27899
Col: 90.1988 154.224 67.4005

Dir: -0.160072 0.957747 0.238953
Col: 97.6401 159.737 70.9472

Dir: -0.240732 0.957696 0.157689
Col: 106.201 162.888 74.0285

Dir: -0.293214 0.954642 0.0518102
Col: 142.27 181.287 105.672

Dir: -0.461321 0.882346 -0.092998
Col: 213.659 221.971 226.632

Dir: -0.392864 0.882406 -0.258878
Col: 183.527 188.54 193.047

Dir: -0.263321 0.882267 -0.390214
Col: 135.233 137.752 141.477

Dir: -0.0954185 0.880522 -0.464302
Col: 108.635 108.953 112.654

Dir: 0.0924259 0.881988 -0.46212
Col: 94.2895 95.3377 99.5861

Dir: 0.26201 0.880785 -0.394421
Col: 82.9703 86.4439 92.3259

Dir: 0.39753 0.879549 -0.261463
Col: 81.7665 85.894 93.6641

Dir: 0.463164 0.882245 -0.0843949
Col: 109.893 112.047 121.123

Dir: 0.457757 0.883825 0.096495
Col: 169.483 170.857 183.522

Dir: 0.391663 0.883065 0.25845
Col: 151.186 170.838 195.128

Dir: 0.254113 0.882994 0.394649
Col: 168.114 174.511 158.995

Dir: 0.102258 0.877155 0.469194
Col: 101.14 127.118 73.2816

Dir: -0.092204 0.881765 0.462589
Col: 67.2862 102.333 48.1485

Dir: -0.263694 0.882572 0.389272
Col: 64.5488 105.652 45.8145

Dir: -0.411512 0.874867 0.255472
Col: 115.497 139.414 84.8392

Dir: -0.462668 0.881728 0.0921643
Col: 208.535 207.874 190.765

Dir: -0.619603 0.774974 -0.124526
Col: 153.52 163.491 168.069

Dir: -0.527321 0.774621 -0.349136
Col: 130.745 139.418 144.181

Dir: -0.35425 0.773867 -0.525012
Col: 100.98 106.207 110.579

Dir: -0.121938 0.774484 -0.62073
Col: 89.7048 93.0265 96.2084

Dir: 0.123481 0.774761 -0.620079
Col: 82.7722 86.6575 90.9645

Dir: 0.35012 0.774968 -0.526157
Col: 73.1232 78.1813 83.8909

Dir: 0.528634 0.773555 -0.349511
Col: 65.3329 71.16 78.831

Dir: 0.622478 0.773998 -0.115965
Col: 77.8672 84.8924 95.5489

Dir: 0.618232 0.775378 0.128756
Col: 102.547 112.615 127.76

Dir: 0.525508 0.775017 0.350983
Col: 100.037 116.292 135.237

Dir: 0.36186 0.771393 0.52346
Col: 72.3342 84.0727 98.8344

Dir: 0.10878 0.789213 0.604408
Col: 139.453 137.65 128.139

Dir: -0.127838 0.766155 0.629813
Col: 163.914 162.962 136.356

Dir: -0.35663 0.768292 0.531547
Col: 163.475 164.659 136.789

Dir: -0.508882 0.785898 0.35129
Col: 151.672 150.729 140.069

Dir: -0.62408 0.773107 0.113267
Col: 139.216 149.124 153.015

Dir: -0.755613 0.636809 -0.153374
Col: 99.89 110.231 114.747

Dir: -0.64231 0.637131 -0.426031
Col: 90.5042 98.6868 103.092

Dir: -0.4301 0.635744 -0.640972
Col: 74.3898 80.3619 84.6797

Dir: -0.15231 0.635533 -0.756901
Col: 65.4379 70.011 73.429

Dir: 0.150872 0.634735 -0.757858
Col: 57.6746 62.5715 66.6577

Dir: 0.42788 0.634982 -0.643207
Col: 52.3634 58.1507 63.4277

Dir: 0.64475 0.634522 -0.426239
Col: 49.5347 56.5936 64.0207

Dir: 0.758068 0.636412 -0.142522
Col: 54.632 63.0937 72.8111

Dir: 0.755096 0.637209 0.154256
Col: 65.3452 75.0954 86.9885

Dir: 0.638855 0.637504 0.430642
Col: 64.9148 77.4828 90.5354

Dir: 0.42987 0.635568 0.641299
Col: 60.2235 72.3445 84.3258

Dir: 0.155454 0.629577 0.761228
Col: 49.4738 57.6081 67.5001

Dir: -0.153153 0.624773 0.765639
Col: 42.1083 47.0962 54.6563

Dir: -0.44159 0.624433 0.644268
Col: 54.3754 60.2362 66.9997

Dir: -0.649883 0.633223 0.420334
Col: 74.7203 83.818 89.7301

Dir: -0.756822 0.637124 0.145923
Col: 95.8379 106.422 110.898

Dir: -0.861124 0.476768 -0.176516
Col: 60.1768 68.9327 72.2481

Dir: -0.73186 0.475903 -0.487747
Col: 56.9955 64.5902 67.8838

Dir: -0.488652 0.475006 -0.731839
Col: 50.52 56.7018 59.5633

Dir: -0.171117 0.474875 -0.863257
Col: 46.0913 51.3489 53.9025

Dir: 0.171044 0.473717 -0.863908
Col: 42.1275 47.7253 50.8574

Dir: 0.488893 0.47475 -0.731845
Col: 36.3804 41.8115 45.5694

Dir: 0.73247 0.475633 -0.487094
Col: 33.9239 40.3752 46.0847

Dir: 0.864292 0.474319 -0.167393
Col: 34.7554 41.8285 48.5181

Dir: 0.861754 0.475468 0.176944
Col: 40.2211 48.4511 56.0145

Dir: 0.729043 0.475951 0.491901
Col: 40.3883 49.6828 57.7976

Dir: 0.486144 0.475206 0.733378
Col: 40.6174 50.5088 58.4403

Dir: 0.168375 0.472468 0.865115
Col: 42.027 51.2188 58.2358

Dir: -0.175837 0.473116 0.863275
Col: 41.1881 49.6718 55.8195

Dir: -0.49373 0.474448 0.728786
Col: 47.2206 55.6589 60.3402

Dir: -0.735254 0.476107 0.482415
Col: 52.8946 62.0491 65.9029

Dir: -0.863017 0.476534 0.167681
Col: 59.0843 68.6267 72.6601

Dir: -0.922294 0.338702 -0.18616
Col: 17.1439 20.1898 21.6785

Dir: -0.782649 0.338341 -0.522481
Col: 16.1904 19.0801 20.7152

Dir: -0.520854 0.338962 -0.783464
Col: 15.0271 17.423 18.8721

Dir: -0.182519 0.339422 -0.922756
Col: 14.3546 16.3816 17.6523

Dir: 0.182869 0.339289 -0.922736
Col: 12.9025 14.9264 16.3939

Dir: 0.525558 0.338193 -0.78065
Col: 11.1028 13.0847 15.0356

Dir: 0.784312 0.339528 -0.519207
Col: 9.46701 11.4918 13.7505

Dir: 0.926476 0.340022 -0.161326
Col: 11.7176 14.3719 16.7953

Dir: 0.920975 0.337525 0.194633
Col: 15.141 18.7838 21.4

Dir: 0.778991 0.338493 0.527821
Col: 14.8893 18.6775 21.3914

Dir: 0.518474 0.339831 0.784665
Col: 11.2979 14.5672 17.7672

Dir: 0.171483 0.34046 0.924489
Col: 12.1688 15.4535 18.4768

Dir: -0.189541 0.340126 0.92108
Col: 13.2469 16.7711 19.8459

Dir: -0.528827 0.339572 0.777839
Col: 14.8445 18.4468 21.0483

Dir: -0.785166 0.337832 0.519021
Col: 16.1831 19.3619 21.2335

Dir: -0.924114 0.337559 0.179071
Col: 16.8959 20.0289 21.7177

Dir: -0.971302 0.127603 -0.200724
Col: 5.6259e-09 5.6259e-09 5.6259e-09

Dir: -0.823531 0.128059 -0.552627
Col: 5.81258e-09 5.81258e-09 5.81258e-09

Dir: -0.540205 0.130573 -0.831342
Col: 5.99254e-09 5.99254e-09 5.99254e-09

Dir: -0.188924 0.125351 -0.973958
Col: 5.62923e-09 5.62923e-09 5.62923e-09

Dir: 0.194376 0.129838 -0.972296
Col: 5.65523e-09 5.65523e-09 5.65523e-09

Dir: 0.556848 0.126829 -0.820875
Col: 5.85699e-09 5.85699e-09 5.85699e-09

Dir: 0.827496 0.131078 -0.545957
Col: 5.70806e-09 5.70806e-09 5.70806e-09

Dir: 0.973326 0.126306 -0.19153
Col: 5.78919e-09 5.78919e-09 5.78919e-09

Dir: 0.972521 0.125524 0.19608
Col: 5.43709e-09 5.43709e-09 5.43709e-09

Dir: 0.814211 0.12814 0.566251
Col: 5.7848e-09 5.7848e-09 5.7848e-09

Dir: 0.544634 0.12755 0.828918
Col: 6.08205e-09 6.08205e-09 6.08205e-09

Dir: 0.190198 0.125785 0.973654
Col: 5.50142e-09 5.50142e-09 5.50142e-09

Dir: -0.199587 0.126109 0.971731
Col: 5.72523e-09 5.72523e-09 5.72523e-09

Dir: -0.553995 0.130051 0.822299
Col: 5.87966e-09 5.87966e-09 5.87966e-09

Dir: -0.827479 0.128548 0.546584
Col: 5.72117e-09 5.72117e-09 5.72117e-09

Dir: -0.972846 0.129417 0.191892
Col: 5.98273e-09 5.98273e-09 5.98273e-09

