Num: 256

Dir: 0.930501 0.282478 0.233181
Col: 509.42 686.173 886.955

Dir: 0.857481 0.467886 0.21403
Col: 554.062 677.103 841.817

Dir: 0.797918 0.59423 0.101079
Col: 577.304 664.56 820.8

Dir: 0.750888 0.593977 0.288718
Col: 548.714 633.105 787.161

Dir: 0.693023 0.719519 0.0448616
Col: 584.017 648.167 743.298

Dir: 0.682716 0.719547 0.127089
Col: 560.677 621.584 711.151

Dir: 0.662813 0.719465 0.207482
Col: 578.434 642.706 737.883

Dir: 0.632681 0.719265 0.287007
Col: 548.228 613.058 711.363

Dir: 0.58913 0.807135 0.0381936
Col: 628.029 669.246 725.79

Dir: 0.514188 0.857026 0.0334071
Col: 604.367 622.917 643.828

Dir: 0.580436 0.807114 0.107988
Col: 601.723 640.52 694.162

Dir: 0.506573 0.857039 0.0941711
Col: 578.071 596.034 616.195

Dir: 0.563569 0.807036 0.176307
Col: 611.259 653.622 712.722

Dir: 0.491837 0.856991 0.153829
Col: 573.794 596.856 622.537

Dir: 0.537908 0.806949 0.243902
Col: 572.504 614.529 677

Dir: 0.469527 0.856894 0.212785
Col: 527.435 553.026 582.246

Dir: 0.747773 0.318787 0.582418
Col: 489.247 656.563 849.32

Dir: 0.672812 0.524252 0.522
Col: 529.206 639.052 807.453

Dir: 0.63088 0.662456 0.403909
Col: 551.855 633.645 774.779

Dir: 0.552234 0.661383 0.507553
Col: 549.227 631.817 791.464

Dir: 0.437766 0.264369 0.859343
Col: 465.919 652.225 877.075

Dir: 0.41124 0.456223 0.78914
Col: 490.729 635.207 813.742

Dir: 0.464683 0.608987 0.64281
Col: 558.175 598.081 698.235

Dir: 0.247568 0.648595 0.719746
Col: 706.827 574.462 491.575

Dir: 0.536089 0.778993 0.325236
Col: 615.019 673.656 765.365

Dir: 0.496982 0.776623 0.387125
Col: 556.174 610.522 701.994

Dir: 0.448983 0.851058 0.27224
Col: 576.423 611.216 657.005

Dir: 0.413351 0.851201 0.323416
Col: 530.213 565.518 620.862

Dir: 0.400009 0.824317 0.400617
Col: 695.803 610.927 590.201

Dir: 0.340773 0.815765 0.467335
Col: 668.485 575.887 525.785

Dir: 0.269704 0.808207 0.523508
Col: 620.235 596.853 584.757

Dir: 0.166928 0.805421 0.568711
Col: 565.608 577.902 588.816

Dir: 0.447378 0.894035 0.0235458
Col: 714.243 713.563 707.439

Dir: 0.387055 0.921833 0.0202989
Col: 626.771 610.979 591.169

Dir: 0.445834 0.892569 0.067469
Col: 668.475 666.651 659.519

Dir: 0.389807 0.9191 0.0574956
Col: 583.349 569.761 551.263

Dir: 0.437188 0.89253 0.110711
Col: 638.351 642.204 640.617

Dir: 0.378754 0.920469 0.0963471
Col: 649.059 639.216 623.849

Dir: 0.422064 0.893946 0.150737
Col: 604.161 615.948 620.304

Dir: 0.364968 0.921848 0.130362
Col: 526.179 523.79 515.962

Dir: 0.404711 0.893959 0.192472
Col: 658.114 678.169 691.36

Dir: 0.350067 0.921819 0.166442
Col: 571.331 574.098 571.341

Dir: 0.37975 0.89391 0.23815
Col: 644.925 669.99 693.287

Dir: 0.32847 0.921794 0.20592
Col: 551.894 561.029 567.991

Dir: 0.332922 0.907003 0.257891
Col: 636.453 659.556 686.439

Dir: 0.314464 0.906193 0.282714
Col: 558.73 568.013 588.561

Dir: 0.265336 0.905519 0.331108
Col: 609.378 616.56 618.504

Dir: 0.154474 0.90699 0.3918
Col: 570.106 595.595 619.595

Dir: 0.331836 0.943019 0.0245052
Col: 638.585 614.012 590.866

Dir: 0.318694 0.945144 0.0716673
Col: 629.845 602.473 584.962

Dir: 0.313248 0.942967 0.112641
Col: 625.807 612.394 597.019

Dir: 0.294775 0.943646 0.150468
Col: 605.191 592.667 583.66

Dir: 0.270075 0.944566 0.186692
Col: 631.947 624.615 624.414

Dir: 0.237519 0.946927 0.216595
Col: 587.261 575.989 577.207

Dir: 0.169158 0.952946 0.251554
Col: 599.433 607.21 608.263

Dir: 0.095267 0.954971 0.280988
Col: 581.617 584.761 584.911

Dir: 0.0888716 0.995908 0.0164141
Col: 591.65 614.448 626.745

Dir: 0.0768204 0.9961 0.0434066
Col: 682.948 572.93 530.578

Dir: 0.0479728 0.997123 0.0586862
Col: 602.512 612.642 616.904

Dir: 0.0210835 0.998167 0.0567342
Col: 582.447 594.938 584.121

Dir: -0.336816 0.936473 -0.097842
Col: 594.816 601.625 606.856

Dir: -0.206814 0.937739 -0.279058
Col: 609.465 594.603 598.929

Dir: -0.694223 0.689428 -0.206744
Col: 557.985 607.962 631.026

Dir: -0.426723 0.677004 -0.599645
Col: 560.345 603.189 631.014

Dir: 0.0475322 0.33689 0.940344
Col: 637.103 650.401 703.387

Dir: -0.170162 0.34169 0.924279
Col: 686.491 621.64 580.164

Dir: 0.0617341 0.57368 0.81675
Col: 768.82 584.975 441.77

Dir: -0.140179 0.562426 0.814879
Col: 610.801 602.978 569.754

Dir: 0.0509783 0.734179 0.67704
Col: 768.351 620.937 531.76

Dir: 0.0325145 0.868456 0.494698
Col: 652.302 627.353 614.295

Dir: -0.122441 0.749713 0.650338
Col: 582.454 632.562 648.567

Dir: -0.0890759 0.876938 0.472277
Col: 556.76 597.504 620.524

Dir: -0.417035 0.338316 0.843578
Col: 531.069 639.997 701.855

Dir: -0.69776 0.320394 0.640686
Col: 437.843 642.042 897.887

Dir: -0.324976 0.615702 0.717845
Col: 564.061 626.504 635.747

Dir: -0.515113 0.629661 0.581537
Col: 524.214 609.865 674.54

Dir: -0.269869 0.784121 0.55886
Col: 580.085 633.181 658.095

Dir: -0.20337 0.88389 0.421165
Col: 571.295 618.917 650.196

Dir: -0.343621 0.838517 0.422864
Col: 538.327 626.103 718.172

Dir: -0.430439 0.83441 0.344213
Col: 494.497 604.239 719.902

Dir: -0.863286 0.369947 0.343332
Col: 439.938 662.603 961.502

Dir: -0.925209 0.37513 0.0571463
Col: 423.391 638.482 931.532

Dir: -0.732847 0.650342 0.199974
Col: 508.784 649.842 839.657

Dir: -0.742491 0.669828 -0.00613554
Col: 435.996 625.811 895.494

Dir: -0.898692 0.322232 -0.297522
Col: 433.472 655.272 949.494

Dir: -0.79419 0.54817 -0.262245
Col: 423.048 623.977 921.794

Dir: -0.700187 0.698422 -0.148138
Col: 442.459 632.954 903.185

Dir: -0.649881 0.698314 -0.300019
Col: 427.644 610.211 868.344

Dir: -0.486828 0.850925 0.197295
Col: 539.813 655.999 791.38

Dir: -0.49849 0.863142 0.080584
Col: 652.048 594.203 605.862

Dir: -0.574278 0.816731 -0.0561702
Col: 534.861 639.055 867.356

Dir: -0.439645 0.897312 -0.039291
Col: 565.642 608.317 748.206

Dir: -0.548667 0.820782 -0.159001
Col: 489.229 643.103 927.028

Dir: -0.426644 0.895936 -0.123583
Col: 477.341 621.433 863.139

Dir: -0.512816 0.820673 -0.252024
Col: 461.678 610.366 877.87

Dir: -0.398759 0.895888 -0.195898
Col: 448.188 582.978 814.286

Dir: 0.0231484 0.971986 0.233895
Col: 646.908 621.069 608.763

Dir: -0.0213381 0.970088 0.241816
Col: 580.636 609.639 641.263

Dir: -0.100583 0.94779 0.302617
Col: 599.535 641.948 688.074

Dir: -0.0545871 0.984974 0.163848
Col: 567.661 596.949 630.862

Dir: -0.130709 0.96973 0.20625
Col: 596.018 641.838 692.651

Dir: -0.2205 0.960599 0.169204
Col: 552.66 597.437 657.418

Dir: -0.25686 0.963418 0.0764725
Col: 600.612 621.423 697.165

Dir: -0.257579 0.96609 0.0179481
Col: 591.143 587.726 616.899

Dir: -3.3495e-05 0.996852 -0.0792809
Col: 634.007 630.149 626.755

Dir: 0.0242979 0.99637 -0.0815866
Col: 608.094 616.571 616.556

Dir: 0.0339156 0.967888 -0.249085
Col: 621.721 601.112 574.675

Dir: 0.0654563 0.775826 -0.627543
Col: 581.391 604.422 623.638

Dir: 0.042889 0.997132 -0.0623591
Col: 618.066 621.43 615.139

Dir: 0.0588359 0.998085 -0.0190803
Col: 790.313 569.783 527.454

Dir: 0.288762 0.935278 -0.204625
Col: 609.077 601.812 626.575

Dir: 0.629867 0.666127 -0.399427
Col: 542.578 608.751 681.188

Dir: -0.305287 0.951879 -0.0269385
Col: 991.506 662.885 495.265

Dir: -0.212069 0.977053 -0.0198565
Col: 933.12 578.221 365.623

Dir: -0.310452 0.948589 -0.0616328
Col: 757.423 587.191 545.749

Dir: -0.212233 0.976472 -0.0382146
Col: 849.289 504.809 315.354

Dir: -0.309906 0.94466 -0.107587
Col: 533.595 668.954 864.532

Dir: -0.209032 0.975178 -0.0730362
Col: 552.256 634.204 730.026

Dir: -0.293062 0.944598 -0.147815
Col: 513.35 643.97 833.565

Dir: -0.194114 0.976039 -0.098324
Col: 509.694 587.786 677.381

Dir: -0.123806 0.992226 -0.0126386
Col: 1034.51 615.054 377.261

Dir: -0.124131 0.991874 -0.0278689
Col: 744.399 534.232 386.037

Dir: -0.114982 0.992401 -0.04381
Col: 637.939 624.499 593.445

Dir: -0.110651 0.992205 -0.0573271
Col: 611.743 593.676 566.783

Dir: 0.00292102 0.999996 0.000533977
Col: 720.866 549.475 426.8

Dir: -0.00755491 0.999966 -0.00330761
Col: 708.321 542.444 411.575

Dir: 0.253403 0.964678 0.0719956
Col: 600.846 557.737 574.395

Dir: 0.636584 0.749756 0.180628
Col: 507.905 563.292 636.259

Dir: -0.678624 0.320738 -0.660755
Col: 459.068 688.713 991.997

Dir: -0.599663 0.550666 -0.580664
Col: 445.845 654.059 962.439

Dir: -0.560165 0.707433 -0.430992
Col: 464.131 663.125 944.376

Dir: -0.448884 0.707152 -0.546296
Col: 448.706 640.603 911.994

Dir: -0.320957 0.307233 -0.895876
Col: 456.404 677.192 966.282

Dir: -0.285294 0.537603 -0.793467
Col: 454.516 658.809 958.76

Dir: -0.316047 0.703025 -0.637079
Col: 458.332 650.667 925.328

Dir: -0.164275 0.702622 -0.692341
Col: 462.909 647.915 912.505

Dir: -0.450745 0.825253 -0.340273
Col: 492.404 654.964 938.328

Dir: -0.357132 0.894344 -0.269454
Col: 494.439 636.388 894.483

Dir: -0.370636 0.825136 -0.426356
Col: 467.262 629.278 892.788

Dir: -0.293683 0.894291 -0.33763
Col: 470.013 597.816 841.443

Dir: -0.269551 0.823185 -0.499709
Col: 475.579 646.71 904.303

Dir: -0.216152 0.892454 -0.395986
Col: 490.488 619.882 864.161

Dir: -0.140361 0.820886 -0.553574
Col: 487.255 658.754 906.093

Dir: -0.108328 0.890552 -0.441794
Col: 473.84 594.858 807.887

Dir: 0.0897355 0.307876 -0.947185
Col: 463.904 675.472 950.217

Dir: 0.0804836 0.53741 -0.839472
Col: 465.91 655.193 927.415

Dir: 0.448907 0.314837 -0.836277
Col: 460.896 652.768 896.131

Dir: 0.400118 0.540215 -0.74032
Col: 477.486 639.864 858.294

Dir: -0.00381843 0.700087 -0.714047
Col: 468.129 642.602 891.078

Dir: 0.150973 0.700227 -0.697775
Col: 468.145 626.396 849.628

Dir: 0.286253 0.700359 -0.653878
Col: 484.016 622.913 826.375

Dir: 0.399196 0.700307 -0.591788
Col: 502.829 613.921 806.599

Dir: -0.00127653 0.821459 -0.570266
Col: 504.054 661.639 899.459

Dir: -0.00105282 0.892838 -0.450376
Col: 522.311 637.445 869.976

Dir: 0.123978 0.82138 -0.556745
Col: 498.537 623.176 840.701

Dir: 0.0980267 0.892887 -0.439481
Col: 510.92 607.733 812.638

Dir: 0.230806 0.823493 -0.518255
Col: 547.075 646.297 862.435

Dir: 0.182326 0.894321 -0.408591
Col: 509.482 600.047 770.944

Dir: 0.318683 0.823634 -0.469114
Col: 544.164 631.65 820.341

Dir: 0.251059 0.894545 -0.369808
Col: 519.006 589.263 716.09

Dir: 0.763243 0.282057 -0.581296
Col: 487.046 675.606 903.142

Dir: 0.701034 0.478979 -0.528328
Col: 515.053 663.152 848.306

Dir: 0.569207 0.618122 -0.542152
Col: 538.229 656.874 848.763

Dir: 0.680578 0.61883 -0.392255
Col: 552.529 639.143 812.632

Dir: 0.934375 0.298512 -0.194511
Col: 500.583 673.155 871.906

Dir: 0.852564 0.492197 -0.175718
Col: 536.325 649.703 813.417

Dir: 0.746302 0.623655 -0.232569
Col: 578.925 664.913 828.78

Dir: 0.77773 0.624275 -0.0735966
Col: 552.281 634.203 776.894

Dir: 0.450793 0.755832 -0.474873
Col: 557.561 645.545 834.431

Dir: 0.514952 0.756552 -0.403055
Col: 545.196 624.667 777.438

Dir: 0.561702 0.757169 -0.333447
Col: 568.544 640.892 771.219

Dir: 0.595599 0.757316 -0.267831
Col: 543.338 603.132 706.814

Dir: 0.661697 0.726794 -0.184194
Col: 588.211 656.337 766.167

Dir: 0.591608 0.789291 -0.164379
Col: 559.297 604.565 680.131

Dir: 0.684308 0.726856 -0.0583361
Col: 578.045 642.073 738.386

Dir: 0.611715 0.789367 -0.0520043
Col: 559.972 603.523 669.713

Dir: 0.379619 0.844963 -0.376732
Col: 594.208 665.716 804.794

Dir: 0.313109 0.89792 -0.309359
Col: 589.041 632.968 725.323

Dir: 0.432757 0.848175 -0.305484
Col: 562.372 613.846 706.386

Dir: 0.35695 0.899626 -0.251515
Col: 569.21 601.254 658.777

Dir: 0.464685 0.850141 -0.247644
Col: 609.491 650.767 723.766

Dir: 0.488207 0.850315 -0.196517
Col: 580.568 613.878 667.463

Dir: 0.383361 0.900744 -0.204195
Col: 562.429 586.374 617.683

Dir: 0.402831 0.900808 -0.162088
Col: 548.129 563.451 579.586

Dir: 0.504893 0.850443 -0.14775
Col: 634.761 668.877 717.654

Dir: 0.516234 0.850493 -0.100818
Col: 596.104 626.454 666.767

Dir: 0.416645 0.900867 -0.121839
Col: 615.163 628.647 637.458

Dir: 0.426032 0.900877 -0.0831636
Col: 588.592 599.207 602.431

Dir: 0.522724 0.850541 -0.0577885
Col: 586.815 614.834 649.57

Dir: 0.525351 0.850704 -0.0176016
Col: 570.597 594.669 623.889

Dir: 0.431443 0.900879 -0.0476783
Col: 586.961 593.987 593.436

Dir: 0.433835 0.900875 -0.0145086
Col: 573.346 576.556 573.008

Dir: -0.275317 0.940259 -0.200285
Col: 536.431 687.494 910.65

Dir: -0.198533 0.969497 -0.14374
Col: 525.471 627.831 757.795

Dir: -0.238935 0.937632 -0.2525
Col: 491.152 628.757 844.311

Dir: -0.171013 0.968082 -0.183227
Col: 514.142 610.064 739.593

Dir: -0.184031 0.939203 -0.28988
Col: 493.254 626.51 844.827

Dir: -0.133868 0.968768 -0.208731
Col: 505.504 611.36 749.927

Dir: -0.118504 0.954341 -0.274207
Col: 522.946 626.32 794.129

Dir: -0.074423 0.953785 -0.291128
Col: 514.707 602.67 752.739

Dir: -0.034089 0.951176 -0.306761
Col: 546.966 645.291 829.697

Dir: 0.00580076 0.949278 -0.314385
Col: 527.508 615.367 784.591

Dir: 0.0474721 0.9482 -0.314108
Col: 551.382 639.215 806.573

Dir: 0.088079 0.947642 -0.306949
Col: 532.697 606.305 743.044

Dir: 0.12442 0.947549 -0.2944
Col: 569.809 635.031 759.482

Dir: 0.154395 0.948174 -0.277721
Col: 557.676 602.399 699.299

Dir: 0.211529 0.936988 -0.278045
Col: 613.143 651.606 743.133

Dir: 0.162105 0.964044 -0.210576
Col: 564.625 559.302 594.815

Dir: -0.117368 0.989851 -0.0801236
Col: 637.695 631.557 630.445

Dir: -0.101459 0.990953 -0.087853
Col: 626.734 626.962 623.796

Dir: -0.0903701 0.990898 -0.0997687
Col: 602.179 606.735 607.623

Dir: -0.0786268 0.991052 -0.107864
Col: 591.644 602.4 605.191

Dir: -0.0555197 0.990894 -0.122665
Col: 629.604 614.552 620.169

Dir: 0.00636503 0.990255 -0.139122
Col: 608.607 611.214 639.563

Dir: 0.0552649 0.989851 -0.130921
Col: 605.684 604.033 628.547

Dir: 0.077026 0.992763 -0.092133
Col: 705.996 585.961 485.419

Dir: 0.00539016 0.999975 0.00461157
Col: 679.802 576.502 356.794

Dir: 0.013004 0.999645 0.0232409
Col: 618.898 590.914 381.988

Dir: 0.215559 0.940476 0.262753
Col: 506.129 611.152 470.472

Dir: 0.432402 0.698062 0.570735
Col: 500.381 577.485 651.362

Dir: 0.00253376 0.994424 0.105424
Col: 547.705 609.997 336.613

Dir: -0.0471746 0.995317 0.0843758
Col: 562.215 600.509 350.236

Dir: -0.0992604 0.883312 0.458156
Col: 451.862 626.768 334.043

Dir: -0.211153 0.633658 0.744239
Col: 525.51 569.074 587.723

Dir: 0.229581 0.948507 -0.218238
Col: 657.867 655.958 699.424

Dir: 0.248589 0.948009 -0.198701
Col: 618.597 619.906 645.875

Dir: 0.294616 0.93548 -0.195137
Col: 618.724 630.069 658.385

Dir: 0.229039 0.961698 -0.150595
Col: 614.079 599.271 590.712

Dir: 0.312016 0.935833 -0.163897
Col: 619.557 624.58 636.783

Dir: 0.324403 0.935853 -0.137628
Col: 566.032 564.471 563.354

Dir: 0.24289 0.961626 -0.127593
Col: 644.115 627.629 602.911

Dir: 0.253056 0.961455 -0.107551
Col: 575.876 555.373 524.12

Dir: 0.34049 0.933539 -0.11212
Col: 684.913 676.682 663.952

Dir: 0.348364 0.933616 -0.0836907
Col: 611.18 599.902 581.144

Dir: 0.273332 0.957452 -0.0926037
Col: 628.686 603.181 563.841

Dir: 0.287947 0.954961 -0.0716709
Col: 551.782 529.69 492.038

Dir: 0.360112 0.93126 -0.0554486
Col: 685.331 671.48 649.006

Dir: 0.305195 0.951095 -0.0477003
Col: 601.137 573.226 531.549

Dir: 0.373013 0.927627 -0.019225
Col: 625.916 611.049 590.638

Dir: 0.326691 0.944907 -0.020571
Col: 489.144 473.024 448.633

Dir: 0.137688 0.982808 -0.123009
Col: 688.561 619.733 567.663

Dir: 0.153191 0.981909 -0.111297
Col: 672.817 616.022 553.477

Dir: 0.164498 0.981011 -0.102756
Col: 675.884 620.77 549.313

Dir: 0.16979 0.981193 -0.0918228
Col: 634.57 577.524 502.314

Dir: 0.193977 0.977194 -0.0864044
Col: 727.879 670.533 589.454

Dir: 0.150308 0.98637 -0.0669482
Col: 671.184 592.698 486.437

Dir: 0.177074 0.982068 -0.064711
Col: 652.155 584.886 491.589

Dir: 0.178405 0.983061 -0.041984
Col: 608.614 586.184 541.253

Dir: 0.0871811 0.993244 -0.0765878
Col: 732.497 603.758 479.454

Dir: 0.105559 0.992833 -0.056036
Col: 718.198 588.118 449.95

Dir: 0.111211 0.99276 -0.0453893
Col: 697.951 579.559 434.815

Dir: 0.113761 0.99301 -0.0314688
Col: 635.474 542.969 437.211

Dir: -0.0245823 0.999487 0.020529
Col: 645.346 590.079 415.898

Dir: -0.0806793 0.996481 0.0227413
Col: 563.876 598.423 436.853

Dir: -0.437838 0.883276 0.167691
Col: 559.132 618.633 472.125

Dir: -0.717356 0.629634 0.298265
Col: 525.692 580.384 602.307

